model:
  b_floor: 0.2587282048369295
  b_init: 1.6873775696572841
  tau_scale: 1.1852489347205755
  search: null
